DBRep_DrawableShape

CASCADE Topology V3, (c) Open Cascade
Locations 56
1
0.798325015473627 -0.0712575776151699 0.597996260273801 0.0995216000000163 
0.602226842368417 0.0944605964897241 -0.792716863729902 1.86807200000001 
-6.93889390390723e-18 0.992975102076192 0.118323483116313        2.019692 
2  1 -1 0
1
-0.834312817657178 0.0518263362259067 0.548849845737738 0.292044400009141 
-0.55129132252643 -0.0784328989749545 -0.830617937481153 1.57671200000542 
              0 -0.99557134914168 0.0940089823804947 2.05266799999455 
1
-0.834312817657178 0.0518263362259067 0.548849845737738 0.330548960009206 
-0.55129132252643 -0.0784328989749545 -0.830617937481153 1.51844000000534 
              0 -0.99557134914168 0.0940089823804947 2.05926319999456 
2  4 -1 0
1
-0.881778149051377 0.0467664047316945 0.469340174334138 0.541332000019292 
-0.471664389005072 -0.0874299496917451 -0.87743302196884 1.11066800000932 
              0 -0.995072312591085 0.0991518669245805 2.10533199999114 
1
-0.881778149051377 0.0467664047316945 0.469340174334138 0.584636594222018 
-0.471664389005072 -0.0874299496917451 -0.87743302196884 1.02970991665253 
              0 -0.995072312591085 0.0991518669245805 2.11448044198783 
2  7 -1 0
1
2.77555756156289e-17 -0.923408966430218 0.383817509653061 0.680080000011869 
-0.759695428729868 -0.249588489297973 -0.600473514467456 0.893600000008786 
0.650279059763532 -0.291584407549912 -0.701509570645208 1.85173999999897 
1
0.89696808375012 -0.111297641576443 0.427856391459983 0.801244000010109 
-1.38777878078145e-17 0.967792213074056 0.251750337265355 1.26360000001839 
-0.442095302772645 -0.225812017600352 0.868078726829325 2.63266799998969 
1
2.77555756156289e-17 -0.923408966430218 0.383817509653061 0.703946894062128 
-0.759695428729868 -0.249588489297973 -0.600473514467456 0.856260802631534 
0.650279059763532 -0.291584407549912 -0.701509570645208 1.80811808547776 
2  11 -1 0
1
0.89696808375012 -0.111297641576443 0.427856391459983 0.853226400009566 
-1.38777878078145e-17 0.967792213074056 0.251750337265355 1.29418640001833 
-0.442095302772645 -0.225812017600352 0.868078726829325 2.73813519998892 
2  13 -1 0
1
0.643612912291174 0.0418162047432644 0.764207971793636 0.862248000005868 
-3.46944695195361e-18 -0.998506304064032 0.0546366245698583 0.906624000028332 
0.765351173731428 -0.035164837057166 -0.642651550299748 1.69854800000938 
1
              0 0.988203874306395 0.153144058996199 0.710668000004871 
0.501941899939447 0.132454501940786 -0.854698855738556 0.722888000004344 
-0.864901340665615 0.0768694199369906 -0.496020930196874 1.75266799999402 
1
-2.77555756156289e-17 0.911315458051709 0.411708799901101 1.05650800001594 
-0.69817716312697 0.29475263500887 -0.652433546840829 0.859084000019178 
-0.71592503021474 -0.28744568194936 0.636259641216297 3.02715600000935 
1
0.643612912291174 0.0418162047432644 0.764207971793636 0.892663590734951 
-3.46944695195361e-18 -0.998506304064032 0.0546366245698583 0.908798545797378 
0.765351173731428 -0.035164837057166 -0.642651550299748 1.67297037290161 
2  18 -1 0
1
              0 0.988203874306395 0.153144058996199 0.716785600004976 
0.501941899939447 0.132454501940786 -0.854698855738556 0.688745600003795 
-0.864901340665615 0.0768694199369906 -0.496020930196874 1.73285359999369 
2  20 -1 0
1
-2.77555756156289e-17 0.911315458051709 0.411708799901101 1.10266131160071 
-0.69817716312697 0.29475263500887 -0.652433546840829 0.785945002788769 
-0.71592503021474 -0.28744568194936 0.636259641216297 3.09848187275466 
2  22 -1 0
1
-0.83150568039583 -0.0220456839071148 0.555078635231563 0.95333200001538 
              0 0.999212238564304 0.0396850387843151 0.913136000025765 
-0.555516249509829 0.0329983351758869 -0.830850652287252 1.56221200001151 
1
              0 0.961994123481011 0.273070149207126 1.10285600000748 
-0.30497572227685 0.260061121594913 -0.916164844259214 0.703584000008212 
-0.952360125594155 -0.0832797659866906 0.293384852634706 3.07695200001868 
1
-0.83150568039583 -0.0220456839071148 0.555078635231563 0.967359963520786 
              0 0.999212238564304 0.0396850387843151 0.914138921486694 
-0.555516249509829 0.0329983351758869 -0.830850652287252 1.54121471802484 
2  26 -1 0
1
              0 0.961994123481011 0.273070149207126 1.10750522539164 
-0.30497572227685 0.260061121594913 -0.916164844259214 0.687985602078721 
-0.952360125594155 -0.0832797659866906 0.293384852634706 3.08194709856078 
2  28 -1 0
1
-0.831513208687122 -0.022044790227772 0.555067393207941 1.0444160000218 
              0 0.999212270485696 0.0396842350413852 0.919648000024517 
-0.555504980876721 0.0329979656135561 -0.830858201191106 1.42587200001573 
1
-0.785070116475437 0.124810618681163 0.606701921607036  1.252788000012 
-0.619406903591851 -0.15819179020639 -0.768967128877466 0.513552000012384 
-1.38777878078145e-17 -0.979488472099454 0.201500206015471 3.12674800001113 
1
-0.831513208687122 -0.022044790227772 0.555067393207941 1.05982726414156 
              0 0.999212270485696 0.0396842350413852 0.920749819794687 
-0.555504980876721 0.0329979656135561 -0.830858201191106 1.40280349456702 
2  32 -1 0
1
              0 0.981755549792208 0.190147417684806 1.32504400000203 
0.474379694453482 -0.167390639869437 0.864259381883889 2.60264400001197 
0.880320342540272 0.090202073902437 -0.465724897738437 0.651784000023045 
1
-0.785070116475437 0.124810618681163 0.606701921607036 1.2808649396899 
-0.619406903591851 -0.15819179020639 -0.768967128877466 0.477965754241816 
-1.38777878078145e-17 -0.979488472099454 0.201500206015471 3.13607302260937 
2  35 -1 0
1
-0.754522372757449 0.121299152829021 0.644967056935028 1.6242200000287 
              0 0.9827705166106 -0.184829953419177 0.75349200002358 
-0.656274324508029 -0.139458335010486 -0.741522342069094 0.759268000019083 
1
              0 0.981755549792208 0.190147417684806 1.39938640000113 
0.474379694453482 -0.167390639869437 0.864259381883889 2.94054560000896 
0.880320342540272 0.090202073902437 -0.465724897738437 0.469698400025016 
2  38 -1 0
1
-0.835193421013421 0.0322011309029914 0.549012783698582 1.40870000001873 
-0.549956315988732 -0.0489023798754253 -0.833760521820638 0.276775600012761 
              0 -0.998284350478905 0.0585521612659344 3.14337600000606 
1
-0.754522372757449 0.121299152829021 0.644967056935028 1.73672209545959 
              0 0.9827705166106 -0.184829953419177 0.721251970343821 
-0.656274324508029 -0.139458335010486 -0.741522342069094 0.62992369259347 
2  41 -1 0
1
-0.835193421013421 0.0322011309029914 0.549012783698582 1.43488569162343 
-0.549956315988732 -0.0489023798754253 -0.833760521820638 0.237008591766638 
              0 -0.998284350478905 0.0585521612659344   3.14616870153 
2  43 -1 0
1
0.574456918177141 0.0801447653842689 0.814601783535932 2.09837600002067 
-6.93889390390723e-18 -0.995195030299727 0.0979124694138897 0.810484000031065 
0.818534818537624 -0.0562464954306167 -0.571696670091188 0.426500000034777 
1
0.550214612519531 -0.196434436024349 0.81158942360887 1.51749600000698 
1.38777878078145e-17 -0.971936282337659 -0.235244262577541 0.245240400011219 
0.835023281214352 0.129434830781545 -0.534773544980089 3.07168800000566 
1
0.574456918177141 0.0801447653842689 0.814601783535932 2.16752357219535 
-6.93889390390723e-18 -0.995195030299727 0.0979124694138897 0.8187953119904 
0.818534818537624 -0.0562464954306167 -0.571696670091188 0.377971458167907 
2  47 -1 0
1
0.550214612519531 -0.196434436024349 0.81158942360887 1.53559979375094 
1.38777878078145e-17 -0.971936282337659 -0.235244262577541 0.239992902341505 
0.835023281214352 0.129434830781545 -0.534773544980089 3.05975902498897 
2  49 -1 0
1
-0.15523566911557 0.0681830689770741 0.985521667006418 2.42918799999112 
-1.73472347597681e-18 -0.99761529271335 0.069019763433791 0.833652000020461 
0.987877465596944 0.0107143291588429 0.154865477484282 0.4784840000474 
1
-0.15523566911557 0.0681830689770741 0.985521667006418 2.48451493184167 
-1.73472347597681e-18 -0.99761529271335 0.069019763433791 0.837526751713584 
0.987877465596944 0.0107143291588429 0.154865477484282 0.487178107955552 
2  52 -1 0
1
0.809368776669721 -0.236064867999582 0.537769059586455 2.48694799996224 
2.77555756156289e-17 0.915662120163772 0.40194885457877 0.876824000002514 
-0.587300760558132 -0.325324852714214 0.741108330039755 0.558084000026038 
1
0.809368776669721 -0.236064867999582 0.537769059586455 2.49567103123462 
2.77555756156289e-17 0.915662120163772 0.40194885457877 0.883343922199383 
-0.587300760558132 -0.325324852714214 0.741108330039755 0.570105351987283 
2  55 -1 0
Curve2ds 359
8 0 0.13314009683532008
1 6.2831853071795862 0 0 1 
1 0 0 0 1 
1 0 0 1 0 
7 1 1  6 6 2  -0.0039024682810093747 0.00034832985442578845  1.6690784610682365 -0.0044813250430071339 -0.006136816693415259  1.0367296232096121 0.0034546405315369899 -0.0077837472336264035  1.0383466998475064 0.010730659812509424 -0.00095780641922971199  0.85353433019614966 0.0047785820143284585 0.0070488592078046253  1.0383466998475068 -0.0033236115190120596 0.0068334764022668359  1.0367296232096115
 0 6 6.2831853071795862 6
1 0 0.13314009683532008 1 0 
7 1 1  6 6 2  -0.0039024682810095968 0.00034832985442756481  1.6690784610682365 -0.0044813250430069118 -0.0061368166934134827  1.0367296232096121 0.003454640531537212 -0.0077837472336246272  1.0383466998475064 0.01073065981250898 -0.00095780641922793563  0.85353433019614966 0.0047785820143284585 0.0070488592078068457  1.0383466998475068 -0.0033236115190122817 0.0068334764022686123  1.0367296232096115
 0 6 6.2831853071795862 6
8 0 6.2831853071795862
7 0 0  7 26 5  -1.1102230246251565e-16 0  0.2211533789647365 0  0.44569602763638111 0  0.66907649113298284 0  0.89135893072947026 0  1.1263426017555234 0  1.346267703087328 0  1.7951895225114103 0  2.0196192321712831 0  2.2440261096049139 0  2.4684185226376618 0  2.692804839095718 0  2.9171934268044604 0  3.365991880375113 0  3.590380468076849 0  3.8147667845259976 0  4.0391591975543646 0  4.2635660749925313 0  4.4879957846723144 0  4.9369176041771317 0  5.1568427011527396 0  5.391826386344305 0  5.6141088082676029 0  5.8374892905044549 0  6.0620319282090218 0  6.2831853071795871 0 
 0 8 1.5707963267948966 6 3.1415926535897931 6 4.7123889803846897 6 6.2831853071795862 8
1 6.2831853071795862 0 0 1 
1 0 0 0 1 
1 0 1 1 0 
2 0 0 1 -6.7439138183908915e-18 6.7439138183908915e-18 1 0.0039014719999999202
7 0 0  8 44 7  0.090161142971880937 0  0.18800865157915631 0  0.28455342725452415 0  0.37954115027070084 0  0.47669723466988856 0  0.57430188617741518 0  0.6707533951107556 0  0.76757042718710677 0  0.96104609971036548 0  1.0578081567944888 0  1.1545808326188958 0  1.2513546547496757 0  1.3481242803993767 0  1.4448884964296587 0  1.5416502193485189 0  1.8319490472401501 0  2.0254813279569479 0  2.219013407252671 0  2.4125453549182567 0  2.6060772407426467 0  2.7996091345173015 0  2.9931411060314583 0  3.3802053441200068 0  3.573829590233546 0  3.766881873743344 0  3.961546175372388 0  4.1535503242441125 0  4.3482712041294276 0  4.5413824916463463 0  4.8315951843550025 0  4.9284734883243297 0  5.0250692533354702 0  5.1240189236697073 0  5.218588229854193 0  5.3135683361924135 0  5.4094465148392761 0  5.6022816247261362 0  5.6992509201539088 0  5.7963383645462931 0  5.8929115305273312 0  5.9896959701974239 0  6.0872907450924432 0  6.1849809246562968 0  6.2831853071795871 0 
 0 9 0.77427029630662003 7 1.5485405926132401 7 3.0970811852264801 7 4.64562177783972 7 5.4198920741463397 7 6.1941623704529603 9
7 0 0  1 2 2  0 0  0.090161142971880909 0 
 6.1941623704529603 2 6.2831853071795862 2
8 0 0.35077499154848524
1 6.2831853071795862 0 0 1 
1 0 0 0 1 
1 0 0.35077499154848524 1 0 
7 1 1  6 6 2  -0.0038876192601988713 0.00032105725836917287  1.6690784610682365 -0.0044211542490442124 -0.0061394130924816714  1.0367296232096121 0.0034908058980032131 -0.0077267588095795148  1.0383466998475064 0.0106898292972053 -0.00088281466288364641  0.85353433019614966 0.0047110889639141451 0.0070494090740291782  1.0383466998475068 -0.0033540842713530861 0.0067815276092195731  1.0367296232096115
 0 6 6.2831853071795862 6
7 0 0  9 10 2  3.0591950954917451 0  3.4122343096210654 0  3.7777861419478906 0  4.1042943015286042 0  4.5519940414995128 0  4.7936695475972453 0  5.2371703269789043 0  5.5601405142792171 0  5.9249641632298298 0  6.2831853071795862 0 
 0 10 3.2239902138471979 10
7 0 0  9 10 2  2.2204460492503131e-16 0  0.33991057453974322 0  0.68662090982048918 0  0.99014581645609767 0  1.4183355334480574 0  1.6371524534205431 0  2.0704702269226529 0  2.3772383449536791 0  2.7242015750460333 0  3.059195095491746 0 
 3.2239902138471979 10 6.2831853071795862 10
7 0 0  7 92 16  5.9747619050071767 0.019295903874160719  5.9658254660135386 0.019271331060418388  5.9567060731346677 0.019249560359059583  5.9474280494436655 0.019230659218875946  5.9380159513647239 0.019214683876882233  5.9284945686731243 0.019201679358316296  5.9188889244952492 0.019191679476639082  5.9060245569672301 0.019182398432374324  5.9028183615482828 0.01918042190224693  5.8996066007501913 0.019178778092196196  5.8963901869548732 0.019177467730499213  5.8931700332276957 0.01917649142466642  5.8899470533174769 0.01917584966144158  5.8836386221758712 0.019175249402303605  5.8805533346299566 0.019175262192181259  5.8774670983281441 0.019175581497175614  5.8743807127206766 0.019176207539941984  5.87129497739864 0.019177140445050127  5.8682106920939647 0.019178380238984272  5.8613119905691731 0.019181842110224223  5.8574987744103613 0.01918422788476792  5.853690527300186 0.019187084039494838  5.8498887678807518 0.019190410210584437  5.8460950143390642 0.019194205804674989  5.8423107844070374 0.019198469998863599  5.8272484998353615 0.019217359108323027  5.8160581410341541 0.019235700882036039  5.8050073018327009 0.019258200331782199  5.7941365376014726 0.019284810658456553  5.7834861762065799 0.019315464993912203  5.7730963180097579 0.019350076400960297  5.7322829497197336 0.019505656582689976  5.7043386565430101 0.019658485512502669  5.6803008221511044 0.019843931065631655  5.6612407164865344 0.020056999811434759  5.6481228956803085 0.020290101255228055  5.6414702216441786 0.020533128626224854  5.6411611538915514 0.02091127054979721  5.6430577925998966 0.021046615240689213  5.6469637537296604 0.021180142959220057  5.6528282159155276 0.021310131818670981  5.6605565687156316 0.021434974299299185  5.6700195821223298 0.021553241468426885  5.6925595941196461 0.021778794664389232  5.7057708192891985 0.021885430035106606  5.7205223552473594 0.021982297553882337  5.7366177777443426 0.022068312393918689  5.7538469872727367 0.022142635541166834  5.771995061725411 0.022204648675073383  5.7992355980824231 0.022275842012874424  5.8077598448291878 0.022295236441653894  5.8164050387883375 0.022312075117420029  5.8251523588671219 0.022326327499915314  5.8339829733854049 0.022337969726870025  5.8428780400756555 0.022346984614002214  5.8548600840123628 0.022355530927135568  5.8579067387131536 0.022357394924268338  5.860957928153411 0.022358953217699578  5.8640129099736376 0.022360205461582412  5.8670709414867437 0.022361151392939555  5.8701312796780574 0.022361790831663283  5.8762996942183179 0.022362461378785753  5.8794078163148997 0.022362483487889804  5.8825167712042346 0.022362189905638197  5.8856257819646469 0.022361580617078679  5.8887340710436149 0.022360655694496193  5.8918408602577825 0.022359415297412841  5.8988546985253567 0.022355900765013786  5.9027604126717694 0.02235344200675507  5.9066609582125507 0.022350483887761643  5.910554777759871 0.022347027122083394  5.9144403115577076 0.022343072647870239  5.9183159974818542 0.022338621627372091  5.9335744058881046 0.022319090779768406  5.9448693635471352 0.022300202360298005  5.9560249669231649 0.022277043789800575  5.9670008747790266 0.022249668175223423  5.9777565817342326 0.022218148129188289  5.9882514182649658 0.022182575769991324  6.029186019959158 0.022023897008464847  6.0571877937953422 0.021868887244773077  6.0813283604802741 0.02168116969285809  6.1005041234446447 0.021465738515969411  6.1136606230584736 0.021230157202898264  6.1202049166055561 0.020984890282573158  6.1200871609200922 0.020469866333911298  6.1119239307061983 0.020200100315712247  6.0956382863261673 0.019945722426152009  6.0721308306074384 0.019721018401630555  6.0430467822162539 0.019535192487273294  6.0100493746493973 0.019392933344833319  5.974761905007461 0.019295903874160067 
 0 8 0.046513641804220192 6 0.061913136083540002 6 0.07663764583856672 6 0.094871873555979286 6 0.14942724173060773 6 0.31555522972351213 6 0.40820938603495471 6 0.5046718526815992 6 0.54756477973032458 6 0.5621558340268441 6 0.57695947793575353 6 0.59560083642119721 6 0.65056642688580824 6 0.81633651367608517 6 1 8
7 0 0  7 92 16  6.2831853071795862 0.031214781430721948  6.2418009205640104 0.031162564564673173  6.2004561108485996 0.031116429207975423  6.1591465046427656 0.031076504583909616  6.1178673324400847 0.031042898255016171  6.0766134286183116 0.031015696123094995  6.0353792314393724 0.030994962429205495  5.9805117985851597 0.030976031173385838  5.9668663327866387 0.030972036433775784  5.9532221752217476 0.030968757167213392  5.9395791139647978 0.030966194786001492  5.9259369355964724 0.030964350482368713  5.9122954252038165 0.030963225228469476  5.8856112171729791 0.030962432096562111  5.8725684814982513 0.030962702504854417  5.8595259702322613 0.030963631661256812  5.8464834942930626 0.030965220048433724  5.8334408646405587 0.03096746797171817  5.8203978922765085 0.030970375559111696  5.7912018480998233 0.030978360239351056  5.7750484939875264 0.030983789256185435  5.7588939665359149 0.030990229724561065  5.7427379097107982 0.030997681137404497  5.7265799708155027 0.031006142567795266  5.7104198004908815 0.03101561266896594  5.6458991266528802 0.0310574373083469  5.5975183462305527 0.031097795040164751  5.5491051204828237 0.031147120824830576  5.500650689907042 0.031205332555606431  5.4521471264634096 0.031272308063941406  5.4035873335749782 0.031347885119471661  5.2069037787285231 0.031687574650582334  5.0582459657929544 0.032021184562025122  4.9088396470659994 0.032426717598635683  4.7586580101921978 0.03289418023742547  4.6078043439297431 0.033407098155765771  4.4565489233414519 0.033941956031769159  4.2210082546295835 0.034772829610044603  4.1366669073150169 0.03506994933188138  4.0523846342727383 0.035362615065940448  3.9682163224353424 0.035646886208416398  3.8842054640998023 0.035919137486789508  3.8003847887501272 0.036176225149906684  3.6297310509090068 0.036664919727500397  3.5429128546543112 0.036895039569364067  3.4563387648249466 0.037103134793294475  3.3700080212770813 0.037287024931575471  3.2839042263833162 0.037445120901466913  3.1979969264019581 0.037576318967537978  3.074111726964154 0.037725950734541984  3.0360110362198713 0.037766542845672636  2.9979375373211177 0.037801608073407267  2.9598874281608993 0.037831095619903728  2.9218566878175816 0.037854966853462825  2.8838410765548845 0.037873195308528333  2.83290786824803 0.037890043039275963  2.8199808419892838 0.037893664670096042  2.807054884827108 0.037896630964118563  2.7941298235322556 0.037898941448274041  2.7812054838647664 0.037900595790452261  2.7682816905739736 0.03790159379950226  2.7422465517334866 0.037902282027922653  2.7291352175540839 0.037901952980264796  2.7160240807644831 0.037900948227716273  2.7029129572153994 0.037899267863259194  2.6898016627040735 0.037896912127400366  2.676690012974269 0.0378938814081713  2.6470664140699052 0.037885510539865878  2.6305541501332992 0.037879775382149275  2.6140406633272804 0.037872971828225167  2.5975255878794914 0.037865101325034276  2.5810085608243893 0.037856165706211219  2.5644892220032496 0.037846167192084515  2.4992505453568858 0.037802499157040294  2.4505108850581538 0.037760675726264493  2.401738754026451 0.037709698549826053  2.352925415794946 0.037649665748261327  2.3040628765714914 0.037580713110166163  2.2551438852386272 0.037503014092195953  2.058437298581774 0.037156711875841825  1.9101285230641105 0.036819017162936785  1.7610709226754984 0.036409751375951552  1.6112296225060661 0.035938820504495844  1.4607019712363911 0.035422432301748179  1.3097625332572838 0.034884588633520112  0.99171632731840831 0.033756402304591732  0.82447255771148575 0.033166195833588541  0.65781125771315629 0.032611519178478703  0.49207716135909418 0.032124972562058131  0.32732715139989765 0.031725241803647442  0.1634156054191023 0.031420966022786705  0 0.031214781430721601 
 0 8 0.046513641804220192 6 0.061913136083540002 6 0.07663764583856672 6 0.094871873555979286 6 0.14942724173060773 6 0.31555522972351213 6 0.40820938603495471 6 0.5046718526815992 6 0.54756477973032458 6 0.5621558340268441 6 0.57695947793575353 6 0.59560083642119721 6 0.65056642688580824 6 0.81633651367608517 6 1 8
6 0 1 6.2831853071795862 0  6.2831853071795862 0.070155002832904531  
6 0 1 0 0  0 0.070155002832904531  
1 0 0.070155002832904531 1 0 
2 0 0 1 0 -0 1 0.0038762800000000162
7 0 0  9 50 7  3.203631529012847 0  3.374717848622431 0  3.5458009904981096 0  3.7168847687622137 0  3.8879713628069985 0  4.0590613173122687 0  4.2301535422212222 0  4.401245312766183 0  4.5723322694469148 0  4.7861774551947978 0  4.8289199518958297 0  4.8717004677346223 0  4.9145157674666793 0  4.9573268148017231 0  5.0000907661373466 0  5.0427929643596565 0  5.0854789325763461 0  5.1710938032284544 0  5.2140756175551992 0  5.2569111984628742 0  5.3008301250920509 0  5.3420188043665284 0  5.3829665699726732 0  5.4248952958600389 0  5.4674651710786133 0  5.5529555170611413 0  5.5960187744042198 0  5.6386830382547002 0  5.6811607758784008 0  5.7238177938575943 0  5.7667503623060634 0  5.8097156689928591 0  5.8524156034798809 0  5.9164930050392348 0  5.9378869921009567 0  5.9592696468088846 0  5.9807386601696395 0  6.0023873120034787 0  6.0242243796076504 0  6.0461622428081103 0  6.0680731854261403 0  6.1117546008549866 0  6.1335664992786745 0  6.1551245778248864 0  6.1764367678233834 0  6.1976141747037605 0  6.2187846808243732 0  6.2400499188269878 0  6.2614856156489509 0  6.2831853070775425 0 
 0 10 1.5397768890323482 8 1.9247211112904354 8 2.3096653335485224 8 2.6946095558066094 8 2.8870816669356527 8 3.0795537780646964 10
7 0 0  9 50 7  0 0  0.022573989819079529 0  0.044874705304414675 0  0.066998635956968158 0  0.089023920961231226 0  0.11105539285473687 0  0.13322493196868371 0  0.15564713163898652 0  0.17833027418846698 0  0.22375496117071081 0  0.24653912175068998 0  0.26935076929058571 0  0.2920583757016979 0  0.31457160397076961 0  0.33689940553255876 0  0.35913782597866623 0  0.38138751910402685 0  0.44802786966094371 0  0.49243624490443405 0  0.53711074499778799 0  0.58175705867713834 0  0.62613191379142741 0  0.67032535483365008 0  0.71469529765022322 0  0.75945436132791011 0  0.84836359318823207 0  0.89265152986284202 0  0.9363371012634808 0  0.97906731041147144 0  1.0220456545181651 0  1.0676402680830572 0  1.1121990993057256 0  1.15689626097359 0  1.2459551486034697 0  1.2903675077001677 0  1.334795511241287 0  1.3792830399192499 0  1.4238159654236728 0  1.4683529899081547 0  1.5128564854581963 0  1.5573233335578724 0  1.7797854885557132 0  1.9577656306608722 0  2.1357504129567064 0  2.3137356332560128 0  2.4917186650963865 0  2.6696984577454792 0  2.8476755361962129 0  3.0256520011699055 0  3.2036315291148902 0 
 3.0795537780646964 10 3.2797807486343773 8 3.4800077192040577 8 3.8804616603434186 8 4.2809156014827803 8 4.6813695426221411 8 6.2831853071795862 10
7 0 0  8 79 12  3.0221166646606146 0.023773046602130751  3.0351525740928915 0.023785109448166426  3.0481688144501202 0.023805744386677031  3.0611211787577992 0.023835008609789009  3.0739646531359921 0.023872942872474639  3.0866535736027179 0.023919568399934987  3.099141782877346 0.02397488379498277  3.1113827871839863 0.024038861945425274  3.1556100850421136 0.024307565718325371  3.1857581936660413 0.024566591069360523  3.212837645089869 0.024887433177695158  3.2359090916303255 0.025267139064187295  3.2540444101098158 0.025700112646099397  3.2664854885914081 0.026176356948394583  3.2728211927875863 0.026680853639905355  3.2733080012532048 0.027749803673792258  3.2665190082801137 0.028316083059023153  3.2526848712636203 0.028873478256976424  3.2323401306590154 0.029398477477454096  3.2064845409613185 0.029869300479857218  3.1762274686305614 0.030269781336399473  3.1426834545665447 0.030588555758241071  3.0983684057563115 0.030873871767500619  3.0896778339810016 0.030923926771634663  3.0808744239015877 0.030968809440683257  3.071972793528571 0.031008437586704494  3.0629874888502369 0.031042742260814993  3.0539329838326537 0.031071667753189983  3.0448236804196727 0.031095171593063246  3.0282061908142643 0.031127958727737735  3.0207115374440741 0.03113906172619238  3.0131977364471063 0.031146517402729858  3.005672573606911 0.031150315213587468  2.9981438324658325 0.031150450212600975  2.9906192943250129 0.03114692305120461  2.9831067382443908 0.03113973997843112  2.9686454462684049 0.031118843323588177  2.9616940564126075 0.031105621943458537  2.9547660323153058 0.031089258134972077  2.9478676552111289 0.031069765644535494  2.9410052267293341 0.031047162530512953  2.9341850688938163 0.031021471163226042  2.9274135241231023 0.030992718224953822  2.9004939345604153 0.030865331877417281  2.8807890447928957 0.030742312564064248  2.8617545272520619 0.030592725479298474  2.8435657831489847 0.030417771903640766  2.8264015164547946 0.030219056237163519  2.8104410036857042 0.029998607014433909  2.7958584905997963 0.02975886838594477  2.7699078888105162 0.029249145679994353  2.7585068550807748 0.028979487857541408  2.7487692986041163 0.028696452651162184  2.7408395303689819 0.028403177635862104  2.7348374243378228 0.028103080884353218  2.730849229372224 0.02779973523066246  2.728920257109785 0.027496709822158769  2.729282045459124 0.026658444302187771  2.7361863502888979 0.026131349415663259  2.7497683286452981 0.02563595723382734  2.7695375323874858 0.025189239506287629  2.7946031300368399 0.024802061805238505  2.8238940737689315 0.024480186537046505  2.8563463079815881 0.024226609834695448  2.8990610891361235 0.023998827758795166  2.9073403649895568 0.023959170302053648  2.9157239705544122 0.023923389320272052  2.9241981937511201 0.023891493982555051  2.9327493946158709 0.023863489143361657  2.9413640053006049 0.02383937534250518  2.9500285300730189 0.023819148805153244  2.9666174055757462 0.023787981824356926  2.9745352567539949 0.023776350558203572  2.9824731035040015 0.023767902202222871  2.990421010920155 0.023762628929087547  2.9983691045385381 0.023760520525287938  3.0063075703369271 0.023761564391131949  3.0142266547347951 0.023765745540745072  3.022116664593308 0.023773046602070389 
 0 9 0.063882236333321948 7 0.23648689439614873 7 0.42190847279172938 7 0.46631921321637049 7 0.50256567676405473 7 0.53627582332514911 7 0.63767384345036182 7 0.73800727637469299 7 0.91865408288865147 7 0.96132075216734381 7 1 9
7 0 0  8 79 12  0 0.029909475146656785  0.049389756692158754 0.029924343229863124  0.098784266551942265 0.029949777576766173  0.14819580297518342 0.029985850322023506  0.1976362057591752 0.030032615193259119  0.2471168410926175 0.030090103572997188  0.29664856154556418 0.030158320560595819  0.34624166605937029 0.030237241034180833  0.53009451227778437 0.030568802260865245  0.66485460953856212 0.030888595497231424  0.80033659372944832 0.031285033899797789  0.93660653338054378 0.031754723287359343  1.0736442104746144 0.032291052706348564  1.2113240196726489 0.032881886333702426  1.3493911861229073 0.033508674151130201  1.635751805255548 0.034838396650989881  1.7840859554536459 0.035543723519653035  1.9319595343287239 0.036238868762280663  2.0790701126212277 0.03689434668437349  2.2252852233662788 0.037482642744284471  2.3705910485125319 0.0379833109673057  2.5150824837931109 0.038381964227509308  2.693420972753759 0.038738843360591274  2.7278497827322865 0.038801457567449814  2.7622500225153734 0.038857604994968042  2.7966249843534037 0.03890718155157577  2.8309780993388665 0.038950099910512834  2.8653129374063537 0.038986289509829138  2.8996332073325615 0.039015696552384627  2.9619449881769171 0.039056719080356676  2.9899400211399909 0.039070611191846363  3.0179299298853439 0.03907993989432041  3.0459167925534332 0.03908469183216548  3.0739026911653404 0.039084860740152799  3.1018897116227726 0.039080447443438186  3.1298799437080631 0.039071459857562059  3.1839120533625684 0.039045314050552372  3.2099531838492621 0.039028771649905161  3.2360005550236339 0.039008297737621087  3.2620558157388109 0.038983909725894862  3.2881205812216701 0.038955630488002602  3.3141964330728335 0.038923488358301846  3.3402849192666744 0.038887517132231562  3.4449026532346188 0.038728157257834864  3.5235429119715702 0.03857427317873189  3.6023534086227817 0.038387178862845379  3.6813703466157257 0.038168395556121705  3.7606211109223908 0.03791995477918586  3.8401236924181092 0.037644423910160263  3.9198854802215624 0.03734489328772822  4.0790772690294519 0.036708315759569871  4.1585076709935551 0.03637167371729972  4.2381742299462095 0.036018486852397225  4.3180493515160947 0.035652710720375513  4.3980954936128205 0.035278645690921664  4.478264440510312 0.034900774645705901  4.5584966023233964 0.034523560970573415  4.7831603492879671 0.033480796369387722  4.9276111670521621 0.032825968840493332  5.071616439442753 0.032211465286420597  5.2148940770182266 0.031658237607916986  5.357313941825578 0.031179444490032876  5.4988680485579726 0.030781847719803294  5.6396482714525149 0.030468867126034287  5.8129597470293897 0.030187863263045563  5.8460437944368433 0.030138948466471999  5.8791016480232487 0.030094821925058406  5.9121363877267621 0.030055492592143868  5.9451512163360078 0.030020964419784361  5.9781494594900773 0.029991236358752751  6.0111345656785238 0.029966302358538827  6.0740039115790561 0.029927883590757869  6.10388977561239 0.029913547053854593  6.1337703449233585 0.029903134271634001  6.1636482504677739 0.029896635051106006  6.1935261075752557 0.029894036491295937  6.2234065159492467 0.02989532298324447  6.2532920596669994 0.029900476210007652  6.2831853071795862 0.0299094751466569 
 0 9 0.063882236333321948 7 0.23648689439614873 7 0.42190847279172938 7 0.46631921321637049 7 0.50256567676405473 7 0.53627582332514911 7 0.63767384345036182 7 0.73800727637469299 7 0.91865408288865147 7 0.96132075216734381 7 1 9
8 0 0.3606537742968457
1 6.2831853071795862 0 0 1 
1 0 0 0 1 
1 0 0.3606537742968457 1 0 
8 0 0.46133483314073365
1 6.2831853071795862 0 0 1 
1 0 0 0 1 
1 0 0.46133483314073365 1 0 
7 1 1  6 6 2  -0.0038702081570347602 0.00020560896216226254  1.6690784610682365 -0.0042118904348023012 -0.0062259275069904696  1.0367296232096121 0.0036918388778892641 -0.0075718871400205501  1.0383466998475064 0.010641953795971881 -0.00056536521721417543  0.85353433019614966 0.004473322953345571 0.0071381041542259993  1.0383466998475068 -0.0035285258792669971 0.0066371454313154388  1.0367296232096115
 0 6 6.2831853071795862 6
7 0 0  9 10 2  3.0885164772501499 0  3.4383448882826366 0  3.8005864356640582 0  4.1235835459885246 0  4.568734897246193 0  4.8063243717077802 0  5.2471163814339885 0  5.5666199564705199 0  5.9282221021240158 0  6.2831853071795871 0 
 0 10 3.1946688315509464 10
7 0 0  9 10 2  4.4408921372819e-16 0  0.34316849879047684 0  0.69310306889074424 0  1.0000806275399055 0  1.431011053506646 0  1.6538747518298338 0  2.0897632716548218 0  2.4000443377860368 0  2.7503121537076809 0  3.0885164772501481 0 
 3.1946688315509464 10 6.2831853071795862 10
8 0 0.56008719744282653
1 6.2831853071795862 0 0 1 
1 0 0 0 1 
1 0 0.56008719744282653 1 0 
6 0 1 6.2831853071795862 0  6.2831853071795862 0.092268636853394384  
6 0 1 0 0  0 0.092268636853394384  
1 0 0.092268636853394384 1 0 
2 0 0 1 0 -0 1 0.0033211079999999919
7 0 0  11 162 17  3.1945794840777011 0  3.2647750706607375 0  3.3350361915817222 0  3.4048835897592378 0  3.4758879594946279 0  3.5451366962093207 0  3.6156097687372188 0  3.6866193899434743 0  3.7554605760078288 0  3.8266550537220159 0  3.896480566942166 0  4.0017987852244552 0  4.0366733441430354 0  4.0734872953297199 0  4.1046033260803414 0  4.1427814667606677 0  4.1793452633644952 0  4.2108150094015491 0  4.2469445757631661 0  4.2830831891039258 0  4.3177471668421346 0  4.3701063024876889 0  4.3875370670041383 0  4.4051237966879224 0  4.4228921582841361 0  4.4406990043702859 0  4.4583418052509689 0  4.4757103559339111 0  4.492897365042599 0  4.5101845340555524 0  4.5278207337393033 0  4.5631970380604292 0  4.5809139862346493 0  4.5988196183655798 0  4.6162604991633369 0  4.6332042570756995 0  4.650163577923311 0  4.6676170716161041 0  4.6855824732948852 0  4.7036458371349479 0  4.721398575848796 0  4.7563662153620019 0  4.7735208042928692 0  4.7906813005802471 0  4.807487628559902 0  4.8251477714481821 0  4.8438785044643122 0  4.862422677532293 0  4.879812996195092 0  4.8966021459330884 0  4.9136080386105103 0  4.9480538219419401 0  4.9652464493530477 0  4.9852600380247019 0  4.9987017800835973 0  5.0264757574153922 0  5.0323513010031622 0  5.0569267044175197 0  5.0687785192148826 0  5.0879488707060325 0  5.1059936288119703 0  5.1332709121276636 0  5.142382994769279 0  5.1514100386602779 0  5.1602723098146859 0  5.1689325898321803 0  5.1774032213020327 0  5.1857426419983677 0  5.1940414087255151 0  5.2023977099029368 0  5.2108823676832143 0  5.2281042903866473 0  5.2369042229497182 0  5.2458961307504319 0  5.2550550973318106 0  5.2643230918445232 0  5.273612622049682 0  5.2828192341346263 0  5.2918428594625961 0  5.3006180081340659 0  5.3091528094616915 0  5.3260009891173272 0  5.3343070522616962 0  5.3425924866931984 0  5.3508683107700783 0  5.3592181942842183 0  5.3677894805633795 0  5.3766966814323247 0  5.3859179264372647 0  5.3952648482209113 0  5.4045063854408175 0  5.4229475846632162 0  5.4321585283695173 0  5.4411233760462823 0  5.4497797743861165 0  5.4581701850466633 0  5.4663880471897182 0  5.4745393748451319 0  5.4827197885162926 0  5.4910069816786855 0  5.499468621565434 0  5.5169027478507147 0  5.525907441645435 0  5.5351285140334348 0  5.5444944131518392 0  5.5539192370197945 0  5.5633004372441981 0  5.5725282772723972 0  5.5815070444894879 0  5.5901880169402949 0  5.5986141839513337 0  5.6153392584770678 0  5.6236050831389299 0  5.6317827260572457 0  5.6399626425981895 0  5.6482470699074216 0  5.6567036812816678 0  5.665343038329258 0  5.6741198400111159 0  5.6829579695546366 0  5.6917993383412959 0  5.7184309056403393 0  5.7362448672455306 0  5.753766474896282 0  5.7711042234403989 0  5.7884964710346365 0  5.8060963944244222 0  5.8238724688119916 0  5.8416244718051775 0  5.8591150119695756 0  5.8763165815356286 0  5.9025029096054586 0  5.9112639488659884 0  5.9200969246489166 0  5.9290517827472247 0  5.9381585412094928 0  5.9474099935354392 0  5.9567573158871578 0  5.9661185775736207 0  5.9754001556087717 0  5.9845310526269273 0  6.0024891847496882 0  6.0112692415448183 0  6.0198384198480737 0  6.028232528259224 0  6.0365200239071939 0  6.0447869828392724 0  6.0531220708692022 0  6.0616015138815111 0  6.070274068662898 0  6.0791459933162306 0  6.1062060671926748 0  6.1247634359372016 0  6.1429936884045384 0  6.1632556864803938 0  6.1749017177940217 0  6.1973493175798149 0  6.2092142744529042 0  6.2303882837325455 0  6.2472195221827471 0  6.2653788271507924 0  6.2831853071331487 0 
 0 12 0.77215145576386168 10 1.1582271836457925 10 1.3512650475867578 10 1.5443029115277234 10 1.7373407754686889 10 1.9303786394096543 10 2.0268975713801369 10 2.1234165033506196 10 2.2199354353211023 10 2.3164543672915849 10 2.4129732992620676 10 2.5094922312325503 10 2.7025300951735156 10 2.7990490271439983 10 2.8955679591144809 10 3.0886058230554467 12
7 0 0  11 152 16  6.5183554569718324e-18 0  0.018417441038364478 0  0.037195675910399822 0  0.054613944423574222 0  0.076475396158714348 0  0.088812699220172819 0  0.11196689735119685 0  0.12408189762095095 0  0.14500254026481829 0  0.16384945903997108 0  0.18303102978351854 0  0.21101238452185547 0  0.22018855863864673 0  0.22916118502591809 0  0.23793644959528418 0  0.24656397555734555 0  0.25512147120521311 0  0.26369937770366458 0  0.27238551687145524 0  0.28124973897029726 0  0.29032857048856703 0  0.30889115336830653 0  0.3183270624769991 0  0.32791621941884302 0  0.33758658284263204 0  0.34724315641207859 0  0.35680269590418107 0  0.36621540691129889 0  0.37547363309826354 0  0.38460753506860362 0  0.39366775979074492 0  0.4207497822797055 0  0.43854431916721626 0  0.45662894101310275 0  0.47497829935386088 0  0.49335485446008887 0  0.51155676012707962 0  0.52955024623360702 0  0.5474864991896049 0  0.56560304014602747 0  0.58400960107697775 0  0.6115329474443939 0  0.62067226208110426 0  0.62980893712869856 0  0.63888588582294936 0  0.64782800253673156 0  0.65659032274429052 0  0.66518278055506619 0  0.67367156372459647 0  0.68215706624236516 0  0.69072843840758602 0  0.70806103050995906 0  0.71678937761782402 0  0.72576801347766418 0  0.73503920432141878 0  0.7445551384513811 0  0.75422209481939084 0  0.76393288679028537 0  0.77358758091250035 0  0.78310249088248485 0  0.7924074465392984 0  0.81045522947834892 0  0.81922837192710696 0  0.82782979882505414 0  0.83632562927999943 0  0.84479171110930262 0  0.85332128725930856 0  0.86201768575076132 0  0.87097203291249914 0  0.88022599016498315 0  0.88971951411535166 0  0.90872776617126461 0  0.9182536632612831 0  0.92788230045477782 0  0.93739239376342853 0  0.94660215277980331 0  0.95548836452422348 0  0.96415893128273222 0  0.9727549788267803 0  0.98135865184437576 0  0.98998271297031293 0  1.0161887605838937 0  1.0337001872492717 0  1.0553571692638275 0  1.0681877945565976 0  1.1002651686783171 0  1.1026477152353544 0  1.1304618412419345 0  1.1413021347912571 0  1.1614702866263498 0  1.1799391667796331 0  1.2174237526515097 0  1.2360383866103468 0  1.2557171273010093 0  1.2685823059364447 0  1.2932233232309889 0  1.3005925231337576 0  1.3281660563336271 0  1.3425107086065782 0  1.3629312426179065 0  1.3807627805934957 0  1.4164797309966557 0  1.4341863667156503 0  1.4514832184946622 0  1.4696565369399837 0  1.4887203601119809 0  1.5077486843013277 0  1.5260353071939929 0  1.5437058250493303 0  1.5613516536295375 0  1.5792013302107417 0  1.615378153913404 0  1.6336671992497811 0  1.6523355633800945 0  1.6708378948969458 0  1.688846110040005 0  1.706495217475023 0  1.724193680155707 0  1.7422583306579533 0  1.7606338567094733 0  1.7789568733037375 0  1.8154923228328381 0  1.8336779028560608 0  1.8516583074211725 0  1.869553315694011 0  1.8875355067669353 0  1.9057074358079142 0  1.9240459967407477 0  1.9424139709123336 0  1.960638762319292 0  1.9786583188958211 0  2.0328860828695916 0  2.0688459581632008 0  2.1059594209089303 0  2.1429827045780869 0  2.1766591801923054 0  2.2140083914720083 0  2.2525238284354372 0  2.2859886655818467 0  2.3235144942735877 0  2.3596500109471972 0  2.4685741943723687 0  2.541071392694171 0  2.6137730040676757 0  2.6864035038592413 0  2.7589369664184042 0  2.8315140236131238 0  2.9041746415530603 0  2.9768049945467885 0  3.049347671047081 0  3.1219754052546462 0  3.1945794841241395 0 
 3.0886058230554467 12 3.2882670408132055 10 3.3880976496920847 10 3.4879282585709639 10 3.6875894763287227 10 3.7874200852076019 10 3.8872506940864815 10 3.9870813029653607 10 4.0869119118442399 10 4.2865731296019991 10 4.4862343473597583 10 4.6858955651175167 10 4.8855567828752751 10 5.0852180006330343 10 5.484540436148551 10 6.2831853071795862 12
